2 0.20234375 0.471875 0.0609375 0.17578125
2 0.11640625 0.4921875 0.0640625 0.23359375
2 0.0734375 0.434375 0.05078125 0.1828125
4 0.04140625 0.6453125 0.0828125 0.325
4 0.165625 0.6609375 0.2515625 0.2890625
5 0.615625 0.5359375 0.125 0.28046875
3 0.4390625 0.49453125 0.146875 0.35859375
4 0.328125 0.334375 0.12265625 0.22890625
4 0.615625 0.28203125 0.09375 0.18515625
4 0.475 0.28828125 0.11328125 0.215625
5 0.23203125 0.2625 0.11484375 0.14609375
5 0.621875 0.76171875 0.15 0.1109375
6 0.3578125 0.7015625 0.234375 0.21328125