2 0.0921875 0.21796875 0.1015625 0.240625
2 0.23828125 0.06796875 0.0515625 0.1359375
5 0.2203125 0.259375 0.2265625 0.31484375
5 0.415625 0.32890625 0.19921875 0.31015625
5 0.0921875 0.559375 0.18359375 0.40546875
5 0.1421875 0.84921875 0.28359375 0.30078125
5 0.6109375 0.440625 0.20703125 0.37265625
5 0.54765625 0.075 0.1265625 0.15
5 0.384375 0.07734375 0.16875 0.1546875
4 0.69140625 0.13046875 0.1453125 0.2609375
4 0.865625 0.3671875 0.17578125 0.40078125
4 0.815625 0.7359375 0.240625 0.528125
4 0.8921875 0.134375 0.1265625 0.26875
3 0.3921875 0.81328125 0.3359375 0.37265625