5 0.1453125 0.853125 0.28515625 0.29375
5 0.06484375 0.625 0.1296875 0.38125
5 0.55546875 0.50546875 0.2171875 0.38203125
5 0.653125 0.16796875 0.14453125 0.27109375
5 0.84453125 0.63671875 0.1890625 0.43046875
4 0.7640625 0.8828125 0.25234375 0.23359375
4 0.88203125 0.22421875 0.146875 0.33359375
4 0.39765625 0.30078125 0.2171875 0.375
2 0.15390625 0.1796875 0.0703125 0.23828125
2 0.025 0.33125 0.04921875 0.26875
5 0.2875 0.175 0.1703125 0.24765625
4 0.54375 0.08359375 0.1578125 0.16640625
5 0.41015625 0.05078125 0.13828125 0.1015625