2 0.0625 0.31171875 0.046875 0.1640625
2 0.0515625 0.440625 0.05859375 0.196875
2 0.03125 0.5859375 0.0625 0.26875
2 0.4203125 0.24921875 0.04140625 0.12265625
4 0.24609375 0.45703125 0.18515625 0.33125
4 0.4234375 0.603125 0.1578125 0.37265625
4 0.61875 0.50703125 0.11328125 0.240625
5 0.45546875 0.36953125 0.1171875 0.1828125
5 0.61015625 0.34296875 0.09765625 0.16171875
4 0.2390625 0.228125 0.11875 0.11796875
2 0.1578125 0.2265625 0.0390625 0.096875
4 0.10234375 0.73359375 0.2046875 0.17578125
4 0.63203125 0.7265625 0.1546875 0.15703125