5 0.65546875 0.296875 0.1890625 0.3171875
4 0.3640625 0.40546875 0.240625 0.440625
4 0.2875 0.184375 0.23203125 0.34921875
4 0.51640625 0.1265625 0.1921875 0.253125
4 0.1203125 0.84921875 0.23984375 0.3015625
7 0.78515625 0.8078125 0.3 0.38359375
5 0.828125 0.56796875 0.21796875 0.34921875
4 0.87890625 0.275 0.16796875 0.2984375
4 0.73828125 0.0734375 0.15078125 0.14609375
4 0.890625 0.0890625 0.1359375 0.178125
2 0.075 0.55 0.0890625 0.31875
2 0.1375 0.196875 0.08671875 0.28125
2 0.203125 0.08125 0.065625 0.1625
2 0.03125 0.29296875 0.0625 0.2140625