5 0.59140625 0.51953125 0.25546875 0.39140625
6 0.8796875 0.17734375 0.17578125 0.35390625
4 0.14921875 0.83984375 0.2984375 0.3203125
4 0.8671875 0.5171875 0.20546875 0.4421875
4 0.82109375 0.85546875 0.2640625 0.2890625
4 0.47421875 0.79921875 0.2859375 0.4015625
4 0.13515625 0.37421875 0.2703125 0.4140625
5 0.31015625 0.14609375 0.1953125 0.28671875
4 0.53828125 0.10859375 0.1734375 0.2171875
4 0.6828125 0.1734375 0.16796875 0.30078125
2 0.22578125 0.590625 0.12890625 0.2640625
2 0.1984375 0.0859375 0.06640625 0.17109375
2 0.03984375 0.25703125 0.0796875 0.2640625