4 0.23828125 0.46875 0.16953125 0.3125
2 0.365625 0.4140625 0.05078125 0.18984375
2 0.6546875 0.58359375 0.05859375 0.25
2 0.0609375 0.4375 0.05703125 0.20859375
2 0.0171875 0.565625 0.03359375 0.23828125
2 0.12578125 0.365625 0.05078125 0.15703125
2 0.17109375 0.4140625 0.05078125 0.18984375
2 0.159375 0.3046875 0.0375 0.14140625
2 0.2046875 0.284375 0.04921875 0.16171875
2 0.1484375 0.21171875 0.02890625 0.10859375
2 0.20546875 0.21328125 0.02578125 0.10625
2 0.2640625 0.21328125 0.02734375 0.08828125
2 0.39453125 0.21328125 0.03125 0.09296875
5 0.31015625 0.27578125 0.11953125 0.18515625
5 0.43828125 0.52421875 0.165625 0.27578125
4 0.6078125 0.39140625 0.10390625 0.2265625
4 0.4671875 0.25 0.09609375 0.125