5 0.2140625 0.70390625 0.296875 0.46875
5 0.659375 0.2328125 0.16640625 0.29296875
5 0.828125 0.53515625 0.22890625 0.3859375
5 0.8234375 0.8578125 0.265625 0.28359375
4 0.4359375 0.7546875 0.340625 0.490625
4 0.40390625 0.29921875 0.21015625 0.3828125
5 0.17265625 0.36875 0.2625 0.34296875
4 0.89296875 0.16328125 0.1671875 0.3265625
2 0.196875 0.09375 0.07109375 0.17578125
2 0.12734375 0.18046875 0.075 0.20078125
5 0.38359375 0.08046875 0.16640625 0.16015625
2 0.47421875 0.0625 0.07421875 0.09609375