2 0.2171875 0.2859375 0.05234375 0.1921875
2 0.0890625 0.56015625 0.0640625 0.20859375
2 0.14921875 0.26640625 0.05078125 0.09296875
1 0.8625 0.490625 0.271875 0.625
7 0.45546875 0.34140625 0.11171875 0.24765625
4 0.321875 0.3125 0.12265625 0.21796875
6 0.628125 0.42265625 0.1234375 0.3265625
4 0.646875 0.65625 0.15078125 0.2984375
4 0.4296875 0.63203125 0.15625 0.33359375
5 0.16015625 0.42109375 0.15078125 0.19921875
5 0.228125 0.596875 0.165625 0.26875
4 0.03984375 0.65390625 0.0796875 0.2984375