5 0.72890625 0.059375 0.12265625 0.11796875
5 0.15390625 0.82734375 0.30703125 0.34453125
5 0.375 0.3890625 0.23203125 0.403125
4 0.0953125 0.54375 0.18984375 0.48125
4 0.79375 0.775 0.25625 0.45
4 0.8734375 0.3359375 0.15859375 0.346875
5 0.5234375 0.1203125 0.171875 0.2359375
4 0.89140625 0.0546875 0.11875 0.10859375
7 0.49375 0.66875 0.3125 0.66171875
2 0.3015625 0.22109375 0.07421875 0.24296875
2 0.1890625 0.26015625 0.06796875 0.23359375
2 0.1703125 0.1015625 0.06640625 0.19921875
2 0.340625 0.08359375 0.0796875 0.16640625
2 0.425 0.0703125 0.0375 0.140625