4 0.1953125 0.28671875 0.2421875 0.33984375
4 0.8484375 0.45859375 0.20234375 0.440625
1 0.35234375 0.546875 0.6640625 0.90625
5 0.05546875 0.6265625 0.1109375 0.271875
5 0.70390625 0.13828125 0.11484375 0.22890625
5 0.803125 0.89296875 0.234375 0.2140625
4 0.896875 0.17421875 0.1484375 0.2921875
4 0.41328125 0.2140625 0.16875 0.290625
5 0.5453125 0.0484375 0.1359375 0.09609375
2 0.3484375 0.15234375 0.040625 0.23046875
2 0.28125 0.0875 0.05859375 0.11640625
2 0.21171875 0.06171875 0.059375 0.12265625