2 0.26015625 0.31875 0.06171875 0.2703125
2 0.19765625 0.25546875 0.07265625 0.27109375
2 0.33203125 0.21875 0.06171875 0.21015625
2 0.375 0.12734375 0.04765625 0.22265625
2 0.24140625 0.13671875 0.05859375 0.175
2 0.3359375 0.06796875 0.03828125 0.13515625
4 0.18046875 0.72578125 0.36015625 0.5484375
4 0.08671875 0.53359375 0.17265625 0.46015625
4 0.4546875 0.21953125 0.19921875 0.346875
4 0.875 0.2421875 0.15234375 0.27421875
4 0.7296875 0.0578125 0.1375 0.115625
5 0.5546875 0.0828125 0.1421875 0.16484375
5 0.60859375 0.49453125 0.23203125 0.3921875
5 0.8 0.746875 0.25390625 0.50546875