2 0.103125 0.78828125 0.121875 0.40859375
2 0.2484375 0.33359375 0.08046875 0.2734375
2 0.3578125 0.221875 0.0609375 0.2640625
2 0.4171875 0.075 0.06953125 0.15
2 0.3015625 0.12421875 0.071875 0.22109375
2 0.22578125 0.225 0.0875 0.26484375
2 0.1484375 0.15703125 0.08203125 0.253125
2 0.08203125 0.38828125 0.10390625 0.2984375
4 0.50625 0.134375 0.1859375 0.26875
4 0.68828125 0.140625 0.17265625 0.28125
4 0.56875 0.51015625 0.27421875 0.5171875
4 0.77890625 0.75234375 0.28671875 0.49140625
4 0.86328125 0.40546875 0.21171875 0.4296875
4 0.90390625 0.14140625 0.1609375 0.2828125
7 0.3734375 0.90703125 0.37421875 0.18515625