7 0.615625 0.2953125 0.12109375 0.22890625
4 0.18125 0.63984375 0.2125 0.340625
4 0.4125 0.60078125 0.17421875 0.36328125
4 0.62109375 0.45859375 0.13046875 0.28203125
4 0.490625 0.25234375 0.1015625 0.15703125
4 0.33203125 0.28359375 0.12734375 0.20625
2 0.1578125 0.396875 0.05234375 0.178125
2 0.1 0.56015625 0.04921875 0.25
2 0.01953125 0.53359375 0.0390625 0.2015625
2 0.02578125 0.4109375 0.0515625 0.1875
2 0.0796875 0.290625 0.04921875 0.1640625
2 0.109375 0.37578125 0.04921875 0.20625
2 0.228125 0.31328125 0.0484375 0.178125
2 0.19140625 0.259375 0.046875 0.153125
2 0.1390625 0.22890625 0.03671875 0.10625