2 0.11796875 0.26484375 0.05078125 0.13671875
2 0.13515625 0.43828125 0.0703125 0.2109375
2 0.04765625 0.37265625 0.05625 0.16171875
5 0.05234375 0.60390625 0.1015625 0.30078125
5 0.24765625 0.2375 0.12734375 0.11328125
3 0.41796875 0.60078125 0.17734375 0.4421875
4 0.23125 0.53046875 0.196875 0.3609375
4 0.32578125 0.32265625 0.12265625 0.20625
4 0.48515625 0.35390625 0.10546875 0.25
4 0.62109375 0.42109375 0.1328125 0.259375
4 0.63125 0.7375 0.19296875 0.1640625
4 0.61484375 0.28125 0.1015625 0.15546875