5 0.24765625 0.7046875 0.29921875 0.4234375
5 0.8703125 0.29296875 0.14453125 0.27109375
4 0.709375 0.12734375 0.16796875 0.2546875
4 0.48046875 0.1796875 0.18984375 0.3265625
4 0.07734375 0.603125 0.1546875 0.50234375
4 0.76015625 0.80546875 0.296875 0.3890625
5 0.56328125 0.6015625 0.2171875 0.43984375
2 0.2515625 0.40546875 0.06796875 0.221875
2 0.1703125 0.2578125 0.06796875 0.23828125
2 0.053125 0.2421875 0.08828125 0.28046875
2 0.1609375 0.12265625 0.08203125 0.221875
2 0.29375 0.2421875 0.071875 0.22890625
2 0.2875 0.1328125 0.06796875 0.20625
2 0.38125 0.0859375 0.05703125 0.17109375
5 0.89375 0.059375 0.1265625 0.11796875