4 0.85 0.39609375 0.19140625 0.403125
4 0.6375 0.309375 0.19921875 0.3828125
4 0.4671875 0.16015625 0.1796875 0.31953125
4 0.2078125 0.71953125 0.315625 0.56015625
4 0.79609375 0.8328125 0.2859375 0.334375
4 0.9078125 0.07890625 0.1359375 0.15703125
5 0.73046875 0.078125 0.13046875 0.15625
5 0.4015625 0.928125 0.2546875 0.14375
2 0.21796875 0.2484375 0.1015625 0.19140625
2 0.2046875 0.4140625 0.06953125 0.23125
2 0.04375 0.66796875 0.0875 0.38671875
2 0.065625 0.22109375 0.075 0.24765625
2 0.27265625 0.11796875 0.06171875 0.23125