5 0.5046875 0.1640625 0.16015625 0.2546875
5 0.83984375 0.35546875 0.16640625 0.2890625
5 0.80703125 0.70390625 0.21640625 0.42109375
5 0.0875 0.59921875 0.17421875 0.375
5 0.3859375 0.090625 0.16796875 0.18046875
2 0.271875 0.23046875 0.0796875 0.26171875
2 0.10703125 0.309375 0.078125 0.22421875
2 0.175 0.14140625 0.07421875 0.240625
2 0.06953125 0.246875 0.08203125 0.26640625
2 0.25078125 0.06328125 0.0640625 0.1265625
4 0.48671875 0.67265625 0.29140625 0.58125
4 0.6734375 0.2 0.17734375 0.2984375
5 0.15234375 0.8171875 0.3046875 0.365625
5 0.90625 0.08828125 0.13046875 0.17578125