4 0.39609375 0.70625 0.19296875 0.19921875
4 0.06015625 0.625 0.11953125 0.34296875
4 0.61640625 0.37734375 0.10546875 0.259375
4 0.44375 0.39921875 0.134375 0.24765625
2 0.4890625 0.6109375 0.0609375 0.20859375
2 0.225 0.36796875 0.046875 0.18984375
2 0.184375 0.51875 0.05859375 0.19921875
2 0.13125 0.384375 0.05234375 0.18515625
2 0.0796875 0.2984375 0.05859375 0.16640625
2 0.01875 0.40078125 0.0375 0.134375
4 0.35859375 0.2546875 0.103125 0.1390625
5 0.1609375 0.71328125 0.2125 0.19921875
7 0.63359375 0.6640625 0.18125 0.29609375