2 0.33671875 0.60390625 0.05859375 0.21796875
1 0.8484375 0.43046875 0.25390625 0.48125
3 0.6375 0.67109375 0.178125 0.2734375
5 0.61875 0.47578125 0.12109375 0.14140625
5 0.459375 0.36484375 0.1078125 0.215625
5 0.621875 0.33671875 0.10546875 0.178125
3 0.2921875 0.375 0.1390625 0.26875
4 0.175 0.6640625 0.21484375 0.29609375
5 0.215625 0.30078125 0.11328125 0.16640625
4 0.0703125 0.603125 0.140625 0.3359375
4 0.40390625 0.684375 0.16953125 0.27578125
2 0.10390625 0.2890625 0.04140625 0.17109375