2 0.12734375 0.5703125 0.1234375 0.33671875
2 0.1265625 0.36328125 0.10703125 0.2140625
2 0.22421875 0.27734375 0.07421875 0.27109375
2 0.246875 0.13046875 0.07734375 0.19453125
2 0.31875 0.1015625 0.0625 0.203125
2 0.371875 0.12421875 0.0625 0.24765625
5 0.26484375 0.61328125 0.2921875 0.42890625
5 0.609375 0.37265625 0.20546875 0.3359375
5 0.46796875 0.16796875 0.178125 0.26015625
5 0.70546875 0.12421875 0.1484375 0.2484375
5 0.85 0.603125 0.22265625 0.415625
4 0.80234375 0.8859375 0.25234375 0.228125
4 0.88828125 0.2265625 0.17734375 0.34375