2 0.13359375 0.41328125 0.071875 0.284375
2 0.1375 0.16875 0.07421875 0.2359375
2 0.040625 0.30859375 0.08125 0.2765625
2 0.240625 0.06484375 0.06484375 0.1296875
4 0.2921875 0.1828125 0.1890625 0.28203125
4 0.83046875 0.56328125 0.21328125 0.47890625
4 0.459375 0.75546875 0.321875 0.48828125
4 0.871875 0.2015625 0.1421875 0.28671875
5 0.6640625 0.26953125 0.15859375 0.27578125
5 0.44453125 0.284375 0.1859375 0.2640625
5 0.2484375 0.68828125 0.2890625 0.41875
5 0.0640625 0.665625 0.12734375 0.37734375
5 0.484375 0.096875 0.134375 0.19375