5 0.575 0.5453125 0.22265625 0.41640625
2 0.3390625 0.78515625 0.115625 0.4296875
2 0.20546875 0.615625 0.09765625 0.38359375
4 0.084375 0.57890625 0.16875 0.4703125
5 0.265625 0.2390625 0.2109375 0.28125
4 0.50546875 0.1796875 0.18984375 0.303125
4 0.70234375 0.1734375 0.175 0.29765625
5 0.8875 0.1484375 0.14921875 0.2765625
2 0.19296875 0.12890625 0.0484375 0.2125
2 0.23671875 0.0640625 0.05234375 0.128125
5 0.825 0.73984375 0.2328125 0.48359375
2 0.0328125 0.26171875 0.06015625 0.18046875
2 0.31875 0.06171875 0.06015625 0.12265625