2 0.515625 0.4515625 0.09296875 0.346875
2 0.41171875 0.54921875 0.096875 0.23828125
2 0.4421875 0.07109375 0.046875 0.1421875
2 0.21796875 0.090625 0.0671875 0.18125
5 0.82578125 0.634375 0.2203125 0.53828125
4 0.4390625 0.80546875 0.31328125 0.38828125
4 0.15 0.78515625 0.3 0.4296875
4 0.12109375 0.45546875 0.2421875 0.44609375
4 0.29921875 0.16171875 0.2203125 0.3234375
5 0.8703125 0.28515625 0.16484375 0.3140625
5 0.56171875 0.0578125 0.146875 0.115625
5 0.9015625 0.05546875 0.11875 0.1109375