4 0.63515625 0.31015625 0.21796875 0.41640625
4 0.37109375 0.34453125 0.25390625 0.4734375
4 0.11953125 0.4390625 0.23828125 0.478125
4 0.8 0.7125 0.33125 0.575
4 0.88359375 0.3703125 0.19921875 0.38515625
4 0.86171875 0.14140625 0.1515625 0.2828125
4 0.54375 0.1078125 0.16328125 0.215625
2 0.371875 0.084375 0.05546875 0.14296875
2 0.3015625 0.2015625 0.06484375 0.20234375
2 0.234375 0.175 0.05859375 0.20234375
2 0.11640625 0.1546875 0.08046875 0.16796875
2 0.22421875 0.06875 0.0640625 0.1375
2 0.2875 0.0734375 0.06484375 0.13203125
2 0.44765625 0.059375 0.04140625 0.11796875
2 0.35 0.06015625 0.04375 0.1203125