5 0.1953125 0.753125 0.3234375 0.48046875
5 0.44453125 0.84453125 0.30390625 0.3109375
5 0.5609375 0.0796875 0.153125 0.1515625
5 0.8984375 0.08203125 0.134375 0.1640625
4 0.63125 0.334375 0.20625 0.38359375
4 0.71796875 0.0796875 0.14140625 0.159375
4 0.8515625 0.334375 0.19296875 0.37890625
4 0.8203125 0.7453125 0.23515625 0.48359375
7 0.4296875 0.27421875 0.23359375 0.4140625
2 0.16484375 0.3578125 0.08671875 0.26171875
2 0.04921875 0.37421875 0.09765625 0.24765625
2 0.2046875 0.23984375 0.0875 0.25078125