4 0.8390625 0.59765625 0.23046875 0.5125
4 0.378125 0.4453125 0.25234375 0.3859375
2 0.16171875 0.309375 0.06953125 0.253125
2 0.18203125 0.221875 0.0546875 0.221875
2 0.2671875 0.1421875 0.0546875 0.21953125
2 0.33203125 0.17578125 0.059375 0.25859375
5 0.5203125 0.121875 0.153125 0.24296875
5 0.690625 0.1359375 0.15390625 0.271875
5 0.57734375 0.6515625 0.23046875 0.4609375
3 0.8890625 0.2625 0.16796875 0.4328125
4 0.08515625 0.5296875 0.1703125 0.42890625
4 0.10859375 0.859375 0.2171875 0.28125