4 0.140625 0.36328125 0.171875 0.21796875
4 0.45546875 0.415625 0.1171875 0.25703125
4 0.61015625 0.43828125 0.1109375 0.26171875
4 0.621875 0.2640625 0.0796875 0.16171875
5 0.5 0.23359375 0.08359375 0.096875
5 0.134375 0.74921875 0.19375 0.11796875
5 0.07265625 0.6078125 0.1453125 0.315625
5 0.6375 0.69296875 0.1703125 0.22890625
3 0.37578125 0.65390625 0.20703125 0.3125
3 0.31015625 0.34453125 0.140625 0.26875
2 0.04375 0.346875 0.0640625 0.16640625
2 0.12578125 0.23125 0.05078125 0.1015625
5 0.26171875 0.2328125 0.11484375 0.10390625
5 0.37890625 0.2140625 0.09921875 0.0578125