4 0.54296875 0.59921875 0.26328125 0.490625
4 0.81796875 0.5390625 0.19765625 0.509375
4 0.3578125 0.3890625 0.25 0.41171875
5 0.2078125 0.309375 0.2046875 0.36796875
5 0.63984375 0.2671875 0.1734375 0.29375
5 0.8921875 0.20234375 0.16171875 0.321875
5 0.16328125 0.7859375 0.3265625 0.428125
5 0.78984375 0.921875 0.2203125 0.15625
7 0.05625 0.315625 0.11171875 0.4234375
5 0.509375 0.1328125 0.1703125 0.25703125
3 0.7328125 0.0703125 0.146875 0.140625
2 0.3625 0.13515625 0.06875 0.15546875
2 0.26640625 0.10546875 0.053125 0.0859375
2 0.03203125 0.7265625 0.0640625 0.33359375