2 0.190625 0.403125 0.0953125 0.31015625
2 0.11484375 0.3484375 0.08828125 0.26640625
2 0.315625 0.62421875 0.0921875 0.3265625
2 0.44453125 0.540625 0.06875 0.27109375
2 0.40546875 0.40625 0.06875 0.22421875
2 0.0328125 0.56171875 0.065625 0.3265625
5 0.1125 0.853125 0.225 0.29375
5 0.459375 0.834375 0.290625 0.33125
5 0.30546875 0.1484375 0.196875 0.2453125
5 0.6890625 0.16328125 0.15390625 0.27109375
4 0.440625 0.23359375 0.19921875 0.33828125
4 0.790625 0.7109375 0.25234375 0.56484375
4 0.8703125 0.246875 0.16015625 0.340625