4 0.27578125 0.471875 0.15078125 0.28203125
4 0.4046875 0.6640625 0.20546875 0.31953125
4 0.16484375 0.71796875 0.2171875 0.21796875
5 0.0453125 0.68671875 0.090625 0.2140625
5 0.4796875 0.2765625 0.0875 0.159375
5 0.446875 0.45625 0.115625 0.25
4 0.62109375 0.51875 0.13046875 0.31484375
4 0.63125 0.73359375 0.1953125 0.153125
4 0.35390625 0.2734375 0.1171875 0.18515625
4 0.23359375 0.26875 0.134375 0.17578125
4 0.11484375 0.45625 0.17421875 0.26875
3 0.615625 0.29375 0.10703125 0.18046875
2 0.10859375 0.26015625 0.0484375 0.12734375