4 0.828125 0.63984375 0.22109375 0.5390625
4 0.67421875 0.14375 0.171875 0.278125
4 0.8796875 0.1828125 0.1546875 0.30546875
4 0.78984375 0.92890625 0.2453125 0.1421875
5 0.52265625 0.67109375 0.259375 0.43046875
5 0.15 0.38046875 0.2578125 0.3125
5 0.47265625 0.20703125 0.15078125 0.24765625
2 0.3703125 0.1375 0.0609375 0.23828125
2 0.27578125 0.1703125 0.04921875 0.20625
2 0.08125 0.22421875 0.0765625 0.221875
2 0.2375 0.07265625 0.059375 0.1453125
2 0.328125 0.0765625 0.03671875 0.153125
2 0.4625 0.0484375 0.053125 0.09296875