2 0.32265625 0.6765625 0.146875 0.4046875
2 0.05 0.66328125 0.1 0.3
2 0.75 0.60390625 0.09453125 0.33359375
2 0.790625 0.346875 0.053125 0.28125
2 0.72734375 0.1109375 0.05546875 0.1921875
2 0.35625 0.2125 0.0796875 0.24296875
2 0.2875 0.18515625 0.0515625 0.225
2 0.2234375 0.0765625 0.06796875 0.153125
2 0.146875 0.11328125 0.05078125 0.20390625
2 0.40859375 0.084375 0.0453125 0.16875
2 0.30625 0.078125 0.05703125 0.13671875
2 0.5828125 0.0703125 0.0421875 0.1328125
4 0.62578125 0.39921875 0.23046875 0.44296875
4 0.140625 0.34765625 0.28125 0.43359375
4 0.4671875 0.23125 0.228125 0.3578125
4 0.8203125 0.80703125 0.26875 0.3859375
4 0.91015625 0.13359375 0.15625 0.26640625