5 0.54375 0.659375 0.23828125 0.42109375
5 0.3515625 0.4421875 0.2265625 0.32890625
5 0.32421875 0.146875 0.1796875 0.22890625
5 0.80859375 0.896875 0.22890625 0.20625
4 0.1375 0.8078125 0.275 0.384375
4 0.11953125 0.4140625 0.2390625 0.39375
4 0.8515625 0.4546875 0.19765625 0.428125
4 0.896875 0.17734375 0.1484375 0.28046875
4 0.64609375 0.26875 0.16171875 0.29609375
4 0.70546875 0.11953125 0.14296875 0.22890625
2 0.7203125 0.425 0.07265625 0.2890625
2 0.43359375 0.54765625 0.0703125 0.3125
2 0.45859375 0.2015625 0.06484375 0.20859375
2 0.278125 0.24453125 0.053125 0.23828125
2 0.16015625 0.17734375 0.078125 0.0765625
2 0.04296875 0.2453125 0.078125 0.2265625
2 0.22109375 0.08359375 0.04453125 0.16640625