2 0.1734375 0.2921875 0.06796875 0.24375
2 0.20234375 0.3890625 0.07421875 0.153125
2 0.3328125 0.24140625 0.06875 0.2046875
2 0.1 0.19375 0.06484375 0.2265625
2 0.0359375 0.353125 0.07109375 0.2171875
4 0.1640625 0.73359375 0.328125 0.53203125
4 0.5109375 0.67890625 0.28671875 0.5609375
4 0.8046875 0.80546875 0.2796875 0.3890625
4 0.39375 0.36640625 0.2203125 0.39140625
4 0.61875 0.35 0.1984375 0.38203125
6 0.88125 0.23125 0.2 0.4625
5 0.52421875 0.1484375 0.15546875 0.2421875
5 0.71328125 0.09296875 0.15625 0.18515625