4 0.4421875 0.8203125 0.303125 0.35859375
4 0.125 0.828125 0.25 0.34375
4 0.81875 0.47109375 0.18515625 0.40546875
4 0.6265625 0.29140625 0.1875 0.384375
4 0.275 0.178125 0.2359375 0.32421875
4 0.8890625 0.07421875 0.12265625 0.14375
5 0.3390625 0.44296875 0.2484375 0.41875
5 0.47890625 0.18203125 0.16953125 0.27109375
5 0.728125 0.05546875 0.11875 0.1109375
4 0.54921875 0.05546875 0.1640625 0.1109375
2 0.128125 0.16640625 0.07421875 0.2265625
2 0.025 0.28046875 0.0484375 0.17578125
2 0.0390625 0.40390625 0.078125 0.21953125