4 0.62734375 0.4734375 0.125 0.2984375
4 0.1859375 0.659375 0.2109375 0.29140625
4 0.60859375 0.26484375 0.08984375 0.16875
5 0.28671875 0.44765625 0.14609375 0.22890625
5 0.1390625 0.4234375 0.1484375 0.20390625
4 0.0359375 0.6515625 0.071875 0.24296875
5 0.41328125 0.69921875 0.1734375 0.221875
2 0.10390625 0.278125 0.046875 0.14375
2 0.22734375 0.39375 0.04296875 0.16171875
2 0.13125 0.54296875 0.06875 0.1875
5 0.23125 0.24765625 0.12109375 0.1390625
4 0.3765625 0.2421875 0.11171875 0.12734375
2 0.1515625 0.2375 0.053125 0.10859375