4 0.34921875 0.41875 0.24375 0.4140625
4 0.87109375 0.1734375 0.15703125 0.296875
4 0.85078125 0.48203125 0.1890625 0.38046875
4 0.7828125 0.80546875 0.2859375 0.3890625
4 0.52890625 0.14921875 0.1703125 0.2984375
5 0.225 0.27109375 0.221875 0.26953125
5 0.15234375 0.83359375 0.3046875 0.3328125
7 0.3984375 0.77421875 0.37890625 0.4515625
7 0.63828125 0.28125 0.20546875 0.4265625
7 0.41015625 0.07421875 0.1734375 0.1484375
2 0.159375 0.1375 0.06796875 0.21796875
2 0.1671875 0.5015625 0.08671875 0.34453125