2 0.203125 0.40546875 0.08984375 0.32578125
2 0.3265625 0.19375 0.06328125 0.23125
2 0.24296875 0.19453125 0.075 0.2140625
2 0.05234375 0.38671875 0.08671875 0.25859375
2 0.02578125 0.5796875 0.0515625 0.25625
0 0.18671875 0.1140625 0.05625 0.21640625
5 0.2546875 0.63828125 0.29453125 0.43125
5 0.68046875 0.16875 0.15703125 0.2515625
5 0.49375 0.0734375 0.14765625 0.14296875
4 0.58125 0.4203125 0.22734375 0.44140625
4 0.8609375 0.3703125 0.18671875 0.37890625
4 0.80703125 0.77421875 0.26640625 0.4515625
4 0.88515625 0.09921875 0.1453125 0.1984375