2 0.1859375 0.228125 0.07578125 0.25703125
2 0.0796875 0.3671875 0.0875 0.24296875
2 0.13203125 0.575 0.0953125 0.35859375
2 0.0265625 0.615625 0.053125 0.31953125
2 0.11328125 0.18828125 0.06796875 0.22421875
4 0.8265625 0.72421875 0.2578125 0.55078125
4 0.58359375 0.47578125 0.22890625 0.4609375
4 0.39609375 0.3703125 0.21328125 0.40703125
4 0.503125 0.11484375 0.1625 0.22890625
4 0.88125 0.40390625 0.1640625 0.39140625
4 0.865625 0.1484375 0.15390625 0.28203125
5 0.37890625 0.0703125 0.1421875 0.140625
7 0.725 0.08125 0.15 0.15703125